189
Appendix D - Modelling Approaches and Key Assumptions
Sectoral GDP is used to project the energy demand in the Type II category in the industrial sector. The 
sectoral GDP available data are for industry, service, and agriculture. The projection of sectoral GDP by 
country is shown in Table D.3, Table D.4, and Table D.5. 
Table D.3 Real GDP Industry at 2017 Constant Price (Million USD)
Table D.4 Real GDP Service at 2017 Constant Price (Million USD)
Table D.5 Real GDP Agriculture at 2017 Constant Price (Million USD)
Country 2005 2022 2025 2030 2035 2040 2045 2050 CAGR 
(2022-2050)
Brunei Darussalam 15,100 15,597 18,117 20,005 22,113 24,447 27,026 29,878 2.3%
Cambodia 9,225 25,028 33,390 46,445 64,381 89,188 123,545 171,134 7.1%
Indonesia 621,341 1,401,363 1,324,602 1,448,389 1,580,432 1,723,885 1,880,266 2,050,821 1.4%
Lao PDR 7,206 22,039 25,919 35,967 49,812 68,971 95,498 132,225 6.6%
Malaysia 180,088 371,617 324,171 327,990 330,807 333,477 336,146 338,834 -0.3%
Myanmar 29,499 89,421 153,369 230,667 346,912 521,740 784,675 1,180,119 9.7%
Philippines 131,511 298,648 262,492 264,603 265,051 265,214 265,340 265,461 -0.4%
Singapore 68,542 155,971 128,533 129,567 129,786 129,866 129,928 129,987 -0.6%
Thailand 281,848 439,555 366,897 350,715 334,366 318,641 303,638 289,341 -1.5%
Vietnam 158,500 436,152 394,141 554,730 779,812 1,095,974 1,540,267 2,164,662 5.9%
ASEAN 1,502,861 3,255,391 3,031,630 3,409,077 3,903,473 4,571,404 5,486,327 6,752,463 2.6%
Country 2005 2022 2025 2030 2035 2040 2045 2050 CAGR 
(2022-2050)
Brunei Darussalam 10,106 10,462 11,107 11,389 11,672 11,959 12,253 12,555 0.7%
Cambodia 11,881 32,057 30,375 34,155 38,253 42,814 47,915 53,623 1.9%
Indonesia 687,281 1,550,040 1,685,575 2,009,347 2,390,284 2,842,375 3,379,792 4,018,798 3.5%
Lao PDR 9,676 29,512 27,029 31,323 36,205 41,827 48,319 55,818 2.3%
Malaysia 244,627 505,512 489,852 552,757 621,466 698,269 784,493 881,357 2.0%
Myanmar 33,512 101,475 169,984 253,762 378,838 565,560 844,315 1,260,461 9.4%
Philippines 260,310 592,171 594,726 652,226 711,745 776,034 846,031 922,331 1.6%
Singapore 204,692 466,658 439,069 481,520 525,461 572,924 624,600 680,930 1.4%
Thailand 455,365 710,072 771,211 806,983 841,467 876,904 913,760 952,158 1.1%
Vietnam 190,586 523,870 434,299 570,958 749,564 983,799 1,291,187 1,694,613 4.3%
ASEAN 2,108,035 4,521,829 4,653,226 5,404,420 6,304,955 7,412,465 8,792,665 10,532,644 3.1%
Country 2005 2022 2025 2030 2035 2040 2045 2050 CAGR 
(2022-2050)
Brunei Darussalam 274 284 341 389 446 511 586 672 3.1%
Cambodia 6,992 18,880 15,263 15,668 16,078 16,498 16,929 17,371 -0.3%
Indonesia 207,352 467,483 486,726 566,573 659,118 766,696 891,820 1,037,362 2.9%
Lao PDR 3,783 11,549 9,645 10,759 12,006 13,397 14,950 16,684 1.3%
Malaysia 40,575 83,844 75,297 76,753 78,146 79,546 80,968 82,416 -0.1%
Myanmar 20,813 62,822 58,484 59,686 60,941 62,225 63,536 64,874 0.1%
Philippines 44,493 100,901 93,627 98,411 103,370 108,565 114,021 119,750 0.6%
Singapore 90 204 177 186 196 206 216 227 0.4%
Thailand 67,694 105,582 106,513 109,107 111,505 113,910 116,362 118,865 0.4%
Vietnam 57,923 158,947 128,723 146,794 167,387 190,866 217,638 248,165 1.6%
ASEAN 449,989 1,010,497 974,797 1,084,328 1,209,192 1,352,421 1,517,026 1,706,386 1.9%
D.1.3 GDP per Capi ta Projection
Based on GDP and population data, the projected trends of GDP per capita show growth through 2050 
across all Member States (Figure D.1). The GDP per capita has been used as the dependent variable to 
forecast the household penetration rate of home appliances (%) and the number of vehicles per capita.