KEY ENERGY STATISTICS
67
NATIONAL ENERGY BALANCE 2019 |
Industry
Transport
Residential 
and 
Commercial
Non-Energy 
Use
Agriculture
Total
Annual Growth 
Rate (%)
Industry 
including 
Agriculture & 
Non-Energy
Industry GDP*
Industry Energy 
Intensity (toe/
RM Million at 
2015 Prices)
1990      5,276      5,386   1,622      838        -    13,122      11.0     6,114  170,501        35.86 
1991   5,809       5,806      1,721   1,071          130   14,537        10.8      7,010   184,477         38.00 
1992     6,455  6,226   1,867    1,222 391      16,161     11.2        8,068 197,050         40.94 
1993      7,012      6,558     2,055   2,027        62    17,714         9.6          9,101  209,410         43.46 
1994        7,283   7,262   2,300   1,817          422  19,084           7.7        9,522  225,040 42.31 
1995       8,060        7,827   2,556  2,994            446  21,883      14.7    11,500  248,922          46.20 
1996      9,443     8,951        3,162         1,744         486 23,786        8.7    11,673  280,536       41.61 
1997    10,106   10,201     3,073     2,298            490      26,168        10.0      12,894   300,541      42.90 
1998    10,121       9,793      3,314        2,023           307     25,558       (2.3)     12,451     268,834       46.31 
1999     10,277   11,393    3,653       1,799           106    27,228         6.5      12,182    288,835       42.18 
2000   11,406   12,071    3,868     2,250          104      29,699     9.1      13,760 323,348          42.55 
2001    11,852   13,137      4,048      2,378         98    31,513          6.1     14,328 315,054      45.48 
2002 12,854     13,442  4,387    2,511       96     33,290       5.6        15,461 327,133     47.26 
2003    13,472      14,271      4,399      2,345       98  34,585       3.9      15,915 351,628     45.26 
2004    14,914     15,385   4,754      2,183          87   37,323       7.9      17,184    376,085 45.69 
2005      15,583    15,293  5,134     2,173          101  38,284       2.6        17,857   388,442 45.97 
2006    15,248   14,819     5,424     2,819         258    38,568    0.7   18,325  406,056         45.13 
2007     16,454    15,717       6,197    2,957      281   41,606        7.9     19,692   417,734          47.14 
2008       16,205    16,395     6,205     2,876       287    41,968      0.9   19,368 420,639       46.04 
2009    14,312   16,119     6,336     3,868          211   40,846      (2.7)       18,391    395,287        46.53 
2010    12,928    16,828       6,951    3,696    1,074   41,477      1.5       17,698   424,530           41.69 
2011  12,100    17,070     6,993     6,377          916   43,456       4.8   19,393 438,593       44.22 
2012    13,919  19,757     7,065    7,497      1,053   49,291       13.4     22,469 456,449   49.23 
2013    13,496  22,357     7,403       7,277     1,051  51,584    4.7    21,824  471,292         46.31 
2014    13,162    24,327    7,459    6,217     1,045      52,210       1.2      20,424 495,773   41.20 
2015    13,971     23,435    7,600   5,928      895   51,829  (0.7)    20,794  518,360         40.12 
2016    16,019   24,004   8,051   8,729      415      57,219       10.4       25,164   532,752         47.23 
2017  17,463  24,039 7,796   12,517        674  62,489           9.2         30,654  559,332       54.80 
2018     19,046    23,555      7,773  13,262    1,021  64,658      3.5     33,329  574,231        58.04 
2019     18,921    25,004     8,000    13,631       927    66,483          2.8     33,480 587,213       57.01 
Note (*): 1. Defined as total GDP for Agriculture, Forestry and Fishing, Mining and Quarrying, Manufacturing and Construction
                 2. Industry GDP for year 1990-2014 was calculated by the Energy Commission
TABLE 25: FINAL ENERGY CONSUMPTION BY SECTORS IN KTOE