68
| NATIONAL ENERGY BALANCE 2019
KEY ENERGY STATISTICS
Petroleum 
Products and 
Others
Electricity
Gas for
Non-Energy
Gas for 
Heating
Natural Gas
Coal and Coke
Total
Total (excl.  
Non-Energy)
Annual Growth 
Rate (%)
1990       9,825   1,715     609        460       1,069      513 13,122 12,513         8.2 
1991  10,914     1,925          604             495        1,099       599 14,537   13,933        11.3 
1992 11,927     2,218       657       687       1,344      672 16,161 15,504           11.3 
1993  13,075       2,450   1,141        560        1,701      487 17,713   16,572            6.9 
1994      13,894        2,932    1,163         497       1,660     598 19,084  17,921            8.1 
1995   16,142  3,375   1,064       590         1,654      712 21,883 20,819            16.2 
1996   17,203      3,777           870       1,209      2,079   727  23,786 22,916       10.1 
1997     18,578     4,384        1,378       1,087        2,465       740 26,167 24,789             8.2 
1998  17,488     4,577  1,282      1,444     2,726      767  25,558  24,276       (2.1)
1999       18,782    4,815  1,118      1,905          3,023 608 27,228 26,110            7.6 
2000      19,582         5,263       1,512         2,350         3,862     991 29,698  28,186      8.0 
2001       20,323    5,594    1,655          2,965     4,620   977 31,514 29,859     5.9 
2002        20,638     5,922    1,775     3,868       5,643 1,086 33,289 31,514             5.5 
2003 21,175    6,313      1,616   4,270  5,886 1,212  34,586 32,970         4.6 
2004 22,886    6,642   1,476    5,014       6,490 1,305 37,323 35,847        8.7 
2005 23,012    6,944 1,541        5,440    6,981 1,348  38,285 36,744        2.5 
2006 22,398    7,272 2,120  5,442   7,562 1,335 38,567 36,447       (0.8)
2007   24,852         7,683     2,112        5,597         7,709    1,362 41,606 39,494    8.4 
2008   24,451       7,986  2,046    5,772       7,818  1,713    41,968 39,922            1.1 
2009  24,145   8,286  1,995         4,807     6,802 1,613 40,846  38,851       (2.7)
2010 24,403    8,993   1,661     4,593       6,254 1,826  41,476 39,815           2.5 
2011  23,946     9,236        3,906       4,609        8,515 1,759 43,456 39,550       (0.7)
2012 27,329 10,011    5,336   4,870   10,206 1,744 49,290 43,954   11.1 
2013  29,379   10,590   5,276       4,800    10,076 1,539 51,584 46,308       5.4 
2014 29,817 11,042    4,472      5,168       9,641  1,709   52,209   47,737            3.1 
2015   29,087    11,397    4,470          5,096       9,566 1,778    51,829   47,359           (0.8)
2016  30,737 12,394 6,083    6,221  12,304 1,785  57,219   51,136        8.0 
2017 31,241  12,607    9,837     7,001  16,838 1,804   62,490  52,653         3.0 
2018 30,845  13,153 10,451 8,400 18,851 1,808 64,658 54,207           3.0 
2019 32,483 13,647 10,819 7,828 18,647 1,706 66,483 55,664 2.7
TABLE 26: FINAL ENERGY CONSUMPTION BY TYPE OF FUEL IN KTOE